Date 0-9 10-19 20-29 30-39 40-49 50-59 60-69 70-79 80+ D0-9 D10-19 D20-29 D30-39 D40-49 D50-59 D60-69 D70-79 D80+
200327 4 11 107 136 161 149 110 75 21 NA NA NA NA NA NA NA
200328 5 15 138 174 204 195 143 91 27 NA NA NA NA NA NA NA
200329 4 21 165 203 241 243 191 117 54 NA NA NA NA NA NA NA
200330 5 27 188 247 262 274 219 139 52 NA NA NA NA NA NA NA
200331 6 32 215 290 304 335 260 157 61 NA NA NA NA NA NA NA
200401 6 39 252 345 372 396 309 187 79 NA NA NA NA NA NA NA
200402 9 46 286 410 437 471 357 217 98 NA NA NA NA NA NA NA
200403 9 55 335 485 509 552 423 266 124 NA NA NA NA NA NA NA
200404 13 65 379 557 575 625 473 299 139 NA NA NA NA NA NA NA
200405 16 69 422 638 666 736 546 354 162 NA NA NA NA NA NA NA
200406 16 76 469 718 737 825 597 407 200 NA NA NA NA NA NA NA
200407 21 82 505 773 795 891 643 445 216 NA NA NA NA NA NA NA
200408 27 109 625 968 1015 1135 833 550 267 NA NA NA NA NA NA NA
200409 33 127 701 1076 1145 1282 913 600 308 NA NA NA 4 4 16 28 43 43
200410 36 146 772 1205 1281 1421 1051 685 371 NA NA NA 5 5 20 32 51 58
